boxes = [
    [[3.7500000003180114, 4.750000000187557], [0.7499999998852128, 1.2500000000282792]]
    ,[[2.094102751058636, 3.5000000009899717], [1.7499999996185809, 2.250000000082969]]
    ,[[0.04442268018500563, 1.5394716813256164], [1.7663873884411678, 2.171056639788108]]
    ,[[-1.4272380079839195, -0.34904744927914233], [1.044421719089723, 1.6082875564755625]]
    ,[[-2.5479631030765177, -1.1491887201433282], [0.3340521597575954, 0.8600416405791163]]
    ,[[-2.982586832973048, -1.320896086135107], [-0.2030214050454525, 0.2288658811030868]]
    ,[[-2.8995515689221247, -1.068939927575677], [-0.5760527918469557, -0.09104563281569279]]
    ,[[-2.5876288116680755, -0.39601278047877836], [-0.769801502349536, -0.10891604433263029]]
    ,[[-2.293005517285993, 0.6708220862017888], [-1.3638682310242456, -0.05322838897083809]]
    ,[[-2.0699430663160854, 2.534690317227175], [-2.3638682310250863, 0.3599942802360394]]
    ]