boxes = [
    [[3.581497320944417, 4.534045635948357], [1.066834716061575, 1.6510319172051053]]
    ,[[1.7475117321061344, 2.8503394963378526], [2.1017427525322323, 2.332267753666301]]
    ,[[-0.292872522650807, 0.7048653553123362], [1.6666809835259901, 2.1581685810254525]]
    ,[[-1.9076967547687556, -0.6819325125905512], [0.9110064467608845, 1.3446047950182334]]
    ,[[-2.778093782362992, -1.341332254242789], [0.18662401285962185, 0.6183378346605897]]
    ,[[-3.009010513421755, -1.3876906578882762], [-0.36338474466649595, 0.10407833362225868]]
    ,[[-2.830935133450058, -0.8804047850522396], [-0.7278299027257042, 0.12219277840838015]]
    ,[[-2.6884987157336973, 0.11675366257062164], [-1.266486992541268, 0.15042944936085195]]
    ,[[-2.663876858549674, 2.0499154497078997], [-2.5998365817524745, 0.5271764942559776]]
    ,[[-2.8915754368444584, 4.999999998154876], [-4.9999999998598685, 0.758374639111246]]
    ]