0.0
0.0
0.0
0.0
0.0
0.0
0.0
0.0
0.0
0.0
0.0
0.0
0.0
0.0
0.0
0.0
0.0
0.0
0.0
0.0
0.0
0.0
0.0
0.0
0.0
0.0
0.0
0.0
0.0
0.0
0.0
0.0
0.0
0.0
0.0
0.0
0.0
0.0
0.0
0.0
0.0
0.0
0.0
0.0
0.0
0.0
0.0
0.0
0.0
0.0
0.0
0.0
0.0
0.0
0.0
0.0
0.0
0.0
0.0
0.0
0.0
0.0
0.0
0.0
0.0
0.0
0.0
0.0
0.0
0.0
0.0
0.0
0.0
0.0
0.0
0.0
0.0
0.0
0.0
0.0
0.0
0.0
0.0
0.0
0.0
0.0
0.0
0.0
0.0
0.0
0.0
0.0
0.0
0.0
0.0
0.0
0.0
0.0
0.0
0.0
0.0
0.0
0.0
0.0
0.0
0.0
0.0
0.0
0.0
0.0
0.0
0.0
0.0
0.0
0.0
0.0
0.0
0.0
0.0
0.0
0.0
0.0
0.0
0.0
0.0
0.0
0.0
0.0
0.0
0.0
0.0
0.0
0.0
0.0
0.0
0.0
0.0
0.0
0.0
0.0
0.0
0.0
0.0
0.0
0.0
0.0
0.0
0.0
0.0
0.0
0.0
0.0
0.05490196
0.078431375
0.0
0.0
0.0
0.0
0.0
0.0
0.0
0.0
0.0
0.0
0.0
0.0
0.0
0.0
0.0
0.0
0.0
0.0
0.0
0.0
0.0
0.0
0.0
0.0
0.0
0.43529412
0.8509804
0.9098039
0.5176471
0.22352941
0.36078432
0.36078432
0.36078432
0.36078432
0.16862746
0.0
0.0
0.0
0.0
0.0
0.0
0.0
0.0
0.0
0.0
0.0
0.0
0.0
0.0
0.0
0.0
0.023529412
0.62352943
0.9882353
0.99607843
0.99607843
0.99607843
0.9882353
0.99607843
0.99607843
0.99607843
0.99607843
0.9843137
0.5372549
0.08235294
0.0
0.0
0.0
0.0
0.0
0.0
0.0
0.0
0.0
0.0
0.0
0.0
0.0
0.14509805
0.8039216
0.99607843
0.99607843
0.99607843
0.99607843
0.99607843
0.91764706
0.78431374
0.52156866
0.52156866
0.77254903
0.9490196
0.99607843
0.69803923
0.011764706
0.0
0.0
0.0
0.0
0.0
0.0
0.0
0.0
0.0
0.0
0.0
0.1254902
0.8784314
0.99607843
0.8784314
0.78431374
0.4862745
0.5411765
0.78431374
0.1254902
0.0
0.0
0.0
0.0
0.14901961
0.7058824
0.99607843
0.5058824
0.0
0.0
0.0
0.0
0.0
0.0
0.0
0.0
0.0
0.0
0.06666667
0.8745098
0.99607843
0.9372549
0.12941177
0.015686275
0.0
0.0
0.015686275
0.0
0.0
0.0
0.0
0.0
0.0
0.03137255
0.92156863
0.9411765
0.44313726
0.0
0.0
0.0
0.0
0.0
0.0
0.0
0.0
0.019607844
0.46666667
0.99607843
0.9764706
0.2627451
0.0
0.0
0.0
0.0
0.0
0.0
0.0
0.0
0.0
0.0
0.0
0.0
0.32941177
0.99607843
0.99607843
0.0
0.0
0.0
0.0
0.0
0.0
0.0
0.0
0.24705882
0.99607843
0.99607843
0.38431373
0.0
0.0
0.0
0.0
0.0
0.0
0.0
0.0
0.0
0.0
0.0
0.0
0.0
0.26666668
0.99607843
0.99607843
0.0
0.0
0.0
0.0
0.0
0.0
0.0
0.0
0.8156863
0.99607843
0.9254902
0.015686275
0.0
0.0
0.0
0.0
0.0
0.0
0.0
0.0
0.0
0.0
0.0
0.0
0.0
0.26666668
0.99607843
0.99607843
0.0
0.0
0.0
0.0
0.0
0.0
0.0
0.0
0.99607843
0.9882353
0.45882353
0.0
0.0
0.0
0.0
0.0
0.0
0.0
0.0
0.0
0.0
0.0
0.0
0.0
0.0
0.28627452
0.99607843
0.972549
0.0
0.0
0.0
0.0
0.0
0.0
0.0
0.0
0.99607843
0.95686275
0.18039216
0.0
0.0
0.0
0.0
0.0
0.0
0.0
0.0
0.0
0.0
0.0
0.0
0.0
0.0
0.5019608
0.99607843
0.7607843
0.0
0.0
0.0
0.0
0.0
0.0
0.0
0.0
1.0
0.99607843
0.2627451
0.0
0.0
0.0
0.0
0.0
0.0
0.0
0.0
0.0
0.0
0.0
0.0
0.0
0.08235294
0.96862745
0.99607843
0.5529412
0.0
0.0
0.0
0.0
0.0
0.0
0.0
0.0
1.0
0.99607843
0.2901961
0.003921569
0.0
0.0
0.0
0.0
0.0
0.0
0.0
0.0
0.0
0.0
0.011764706
0.29803923
0.87058824
0.99607843
0.9098039
0.14117648
0.0
0.0
0.0
0.0
0.0
0.0
0.0
0.0
0.6392157
0.99607843
0.99607843
0.37254903
0.0
0.0
0.0
0.0
0.0
0.0
0.0
0.0
0.15686275
0.44313726
0.7529412
0.99607843
0.99607843
0.8117647
0.078431375
0.0
0.0
0.0
0.0
0.0
0.0
0.0
0.0
0.0
0.11764706
0.87058824
0.99607843
0.972549
0.7254902
0.5254902
0.3882353
0.24313726
0.5254902
0.5254902
0.5254902
0.78431374
0.9529412
0.99607843
0.99607843
0.9137255
0.54509807
0.03529412
0.0
0.0
0.0
0.0
0.0
0.0
0.0
0.0
0.0
0.0
0.0
0.10980392
0.63529414
0.9882353
0.99607843
0.99607843
0.99607843
0.99607843
0.99607843
0.99607843
0.99607843
0.99607843
0.99607843
0.972549
0.49411765
0.105882354
0.0
0.0
0.0
0.0
0.0
0.0
0.0
0.0
0.0
0.0
0.0
0.0
0.0
0.0
0.0
0.21568628
0.6745098
0.7294118
0.7294118
0.83137256
0.7294118
0.7294118
0.7294118
0.47843137
0.35686275
0.20784314
0.0
0.0
0.0
0.0
0.0
0.0
0.0
0.0
0.0
0.0
0.0
0.0
0.0
0.0
0.0
0.0
0.0
0.0
0.0
0.0
0.0
0.043137256
0.0
0.0
0.0
0.0
0.0
0.0
0.0
0.0
0.0
0.0
0.0
0.0
0.0
0.0
0.0
0.0
0.0
0.0
0.0
0.0
0.0
0.0
0.0
0.0
0.0
0.0
0.0
0.0
0.0
0.0
0.0
0.0
0.0
0.0
0.0
0.0
0.0
0.0
0.0
0.0
0.0
0.0
0.0
0.0
0.0
0.0
0.0
0.0
0.0
0.0
0.0
0.0
0.0
0.0
0.0
0.0
0.0
0.0
0.0
0.0
0.0
0.0
0.0
0.0
0.0
0.0
0.0
0.0
0.0
0.0
0.0
0.0
0.0
0.0
0.0
0.0
0.0
0.0
0.0
0.0
0.0
0.0
0.0
0.0
0.0
0.0
0.0
0.0
0.0
0.0
0.0
0.0
0.0
0.0
0.0
0.0
0.0
0.0
0.0
0.0
0.0
0.0
0.0
0.0
0.0
0.0
0.0
0.0
0.0
0.0
0.0
0.0
0.0
0.0
0.0
0.0
0.0
0.0
0.0
0.0
0.0
0.0
0.0
0.0
0.0
0.0
0.0
0.0
0.0
0.0
0.0
0.0
0.0
0.0
0.0
0.0
0.0
0.0
0.0
0.0
0.0
0.0
0.0
0.0
0.0
0.0
0.0
0.0
0.0
0.0
0.0
0.0
0.0
0.0
0.0
-1 1 0 0 0 0 0 0 0 0 0
-1 0 1 0 0 0 0 0 0 0 0
-1 0 0 1 0 0 0 0 0 0 0
-1 0 0 0 1 0 0 0 0 0 0
-1 0 0 0 0 1 0 0 0 0 0
-1 0 0 0 0 0 1 0 0 0 0
-1 0 0 0 0 0 0 1 0 0 0
-1 0 0 0 0 0 0 0 1 0 0
-1 0 0 0 0 0 0 0 0 1 0
