0.0
0.0
0.0
0.0
0.0
0.0
0.0
0.0
0.0
0.0
0.0
0.0
0.0
0.0
0.0
0.0
0.0
0.0
0.0
0.0
0.0
0.0
0.0
0.0
0.0
0.0
0.0
0.0
0.0
0.0
0.0
0.0
0.0
0.0
0.0
0.0
0.0
0.0
0.0
0.0
0.0
0.0
0.0
0.0
0.0
0.0
0.0
0.0
0.0
0.0
0.0
0.0
0.0
0.0
0.0
0.0
0.0
0.0
0.0
0.0
0.0
0.0
0.0
0.0
0.0
0.0
0.0
0.0
0.0
0.0
0.0
0.0
0.0
0.0
0.0
0.0
0.0
0.0
0.0
0.0
0.0
0.0
0.0
0.0
0.0
0.0
0.0
0.0
0.0
0.0
0.0
0.0
0.0
0.0
0.0
0.0
0.2627451
1.0
0.99607843
0.9647059
0.0
0.0
0.0
0.0
0.0
0.0
0.0
0.0
0.0
0.0
0.0
0.0
0.0
0.0
0.0
0.0
0.0
0.0
0.0
0.0
0.0
0.0
0.0
0.039215688
0.72156864
0.99215686
0.99215686
0.9607843
0.043137256
0.0
0.0
0.0
0.0
0.0
0.0
0.0
0.0
0.0
0.0
0.0
0.0
0.0
0.0
0.0
0.0
0.0
0.0
0.0
0.0
0.0
0.08235294
0.73333335
0.99215686
0.99215686
0.99215686
0.99215686
0.6039216
0.0
0.0
0.0
0.0
0.0
0.0
0.0
0.0
0.0
0.0
0.0
0.0
0.0
0.0
0.0
0.0
0.0
0.0
0.0
0.0
0.0
0.2784314
0.99215686
0.99215686
0.99215686
0.99215686
0.9882353
0.5254902
0.0
0.0
0.0
0.0
0.0
0.0
0.0
0.0
0.0
0.0
0.0
0.0
0.0
0.0
0.0
0.0
0.0
0.0
0.0
0.0
0.23921569
0.9137255
0.99215686
0.99215686
0.99215686
0.8352941
0.49411765
0.0
0.0
0.0
0.0
0.0
0.0
0.0
0.0
0.0
0.0
0.0
0.0
0.0
0.0
0.0
0.0
0.0
0.0
0.0
0.0
0.10980392
0.9137255
0.99215686
0.99215686
0.99215686
0.99215686
0.54509807
0.0
0.0
0.0
0.0
0.0
0.0
0.0
0.0
0.0
0.0
0.0
0.0
0.0
0.0
0.0
0.0
0.0
0.0
0.0
0.0
0.0
0.4862745
0.99215686
0.99215686
0.99215686
0.99215686
0.654902
0.011764706
0.0
0.0
0.05490196
0.54509807
0.54509807
0.26666668
0.0
0.0
0.0
0.0
0.0
0.0
0.0
0.0
0.0
0.0
0.0
0.0
0.0
0.0
0.10980392
0.827451
0.99215686
0.99215686
0.99215686
0.75686276
0.03529412
0.0
0.1764706
0.5058824
0.9098039
0.99215686
0.99215686
0.94509804
0.7529412
0.10980392
0.0
0.0
0.0
0.0
0.0
0.0
0.0
0.0
0.0
0.0
0.0
0.0
0.41960785
0.99215686
0.99215686
0.99215686
0.99215686
0.34117648
0.0
0.2
0.87058824
0.99215686
0.99215686
0.99215686
0.99215686
0.99215686
0.99215686
0.41568628
0.0
0.0
0.0
0.0
0.0
0.0
0.0
0.0
0.0
0.0
0.0
0.06666667
0.9764706
0.99215686
0.99215686
0.99215686
0.4627451
0.08627451
0.3254902
0.95686275
0.99215686
0.99215686
0.99215686
0.99215686
0.99215686
0.99215686
0.99215686
0.6
0.019607844
0.0
0.0
0.0
0.0
0.0
0.0
0.0
0.0
0.0
0.0
0.06666667
0.99215686
0.99215686
0.99215686
0.85882354
0.14509805
0.28235295
0.99215686
0.99215686
0.99215686
0.99215686
0.9882353
0.6666667
0.44705883
0.99215686
0.99215686
0.99215686
0.05882353
0.0
0.0
0.0
0.0
0.0
0.0
0.0
0.0
0.0
0.0
0.06666667
0.99215686
0.99215686
0.99215686
0.79607844
0.21568628
0.9372549
0.99215686
0.99215686
0.99215686
0.8392157
0.54509807
0.1764706
0.8784314
0.99215686
0.99215686
0.99215686
0.05882353
0.0
0.0
0.0
0.0
0.0
0.0
0.0
0.0
0.0
0.0
0.12941177
0.99215686
0.99215686
0.99215686
0.38431373
0.54509807
0.99215686
0.99215686
0.99215686
0.9882353
0.54509807
0.07450981
0.5019608
0.99215686
0.99215686
0.99215686
0.5568628
0.015686275
0.0
0.0
0.0
0.0
0.0
0.0
0.0
0.0
0.0
0.0
0.7058824
0.99215686
0.99215686
0.99215686
0.8862745
0.7490196
0.99215686
0.99215686
0.99215686
0.9607843
0.1764706
0.85490197
0.99215686
0.99215686
0.99215686
0.8901961
0.22745098
0.0
0.0
0.0
0.0
0.0
0.0
0.0
0.0
0.0
0.0
0.0
0.6039216
0.99215686
0.99215686
0.99215686
0.99215686
0.99215686
0.99215686
0.99215686
0.99215686
0.9843137
0.8784314
0.99215686
0.99215686
0.99215686
0.99215686
0.6627451
0.0
0.0
0.0
0.0
0.0
0.0
0.0
0.0
0.0
0.0
0.0
0.0
0.06666667
0.99215686
0.99215686
0.99215686
0.99215686
0.99215686
0.99215686
0.99215686
0.99215686
0.99215686
0.99215686
0.99215686
0.99215686
0.99215686
0.72156864
0.0627451
0.0
0.0
0.0
0.0
0.0
0.0
0.0
0.0
0.0
0.0
0.0
0.0
0.06666667
0.99215686
0.99215686
0.99215686
0.99215686
0.99215686
0.99215686
0.99215686
0.99215686
0.99215686
0.99215686
0.99215686
0.8901961
0.6627451
0.0627451
0.0
0.0
0.0
0.0
0.0
0.0
0.0
0.0
0.0
0.0
0.0
0.0
0.0
0.06666667
0.99215686
0.99215686
0.99215686
0.99215686
0.99215686
0.99215686
0.99215686
0.99215686
0.99215686
0.99215686
0.93333334
0.22745098
0.0
0.0
0.0
0.0
0.0
0.0
0.0
0.0
0.0
0.0
0.0
0.0
0.0
0.0
0.0
0.003921569
0.05882353
0.59607846
0.99215686
0.99215686
0.99215686
0.99215686
0.99215686
0.8980392
0.7019608
0.45490196
0.05490196
0.0
0.0
0.0
0.0
0.0
0.0
0.0
0.0
0.0
0.0
0.0
0.0
0.0
0.0
0.0
0.0
0.0
0.0
0.047058824
0.34901962
0.4745098
0.63529414
0.34901962
0.34901962
0.23529412
0.0
0.0
0.0
0.0
0.0
0.0
0.0
0.0
0.0
0.0
0.0
0.0
0.0
0.0
0.0
0.0
0.0
0.0
0.0
0.0
0.0
0.0
0.0
0.0
0.0
0.0
0.0
0.0
0.0
0.0
0.0
0.0
0.0
0.0
0.0
0.0
0.0
0.0
0.0
0.0
0.0
0.0
0.0
0.0
0.0
0.0
0.0
0.0
0.0
0.0
0.0
0.0
0.0
0.0
0.0
0.0
0.0
0.0
0.0
0.0
0.0
0.0
0.0
0.0
0.0
0.0
0.0
0.0
0.0
0.0
0.0
0.0
0.0
0.0
0.0
0.0
0.0
0.0
0.0
0.0
0.0
0.0
0.0
0.0
0.0
0.0
0.0
0.0
0.0
0.0
0.0
0.0
0.0
0.0
0.0
0.0
0.0
0.0
0.0
0.0
0.0
0.0
0.0
0.0
0.0
0.0
0.0
0.0
0.0
0.0
0.0
0.0
0.0
0.0
0.0
0.0
0.0
0.0
0.0
0.0
0.0
0.0
0.0
0.0
0.0
0.0
0.0
0.0
0.0
0.0
0.0
0.0
0.0
0.0
0.0
0.0
0.0
0.0
0.0
0.0
0.0
0.0
0.0
0.0
0.0
0.0
0.0
0.0
0.0
0.0
0.0
0.0
0.0
1 0 0 0 0 0 -1 0 0 0 0
0 1 0 0 0 0 -1 0 0 0 0
0 0 1 0 0 0 -1 0 0 0 0
0 0 0 1 0 0 -1 0 0 0 0
0 0 0 0 1 0 -1 0 0 0 0
0 0 0 0 0 1 -1 0 0 0 0
0 0 0 0 0 0 -1 1 0 0 0
0 0 0 0 0 0 -1 0 1 0 0
0 0 0 0 0 0 -1 0 0 1 0
