0.0
0.0
0.0
0.0
0.0
0.0
0.0
0.0
0.0
0.0
0.0
0.0
0.0
0.0
0.0
0.0
0.0
0.0
0.0
0.0
0.0
0.0
0.0
0.0
0.0
0.0
0.0
0.0
0.0
0.0
0.0
0.0
0.0
0.0
0.0
0.0
0.0
0.0
0.0
0.0
0.0
0.0
0.0
0.0
0.0
0.0
0.0
0.0
0.0
0.0
0.0
0.0
0.0
0.0
0.0
0.0
0.0
0.0
0.0
0.0
0.0
0.0
0.0
0.0
0.0
0.0
0.0
0.0
0.0
0.0
0.0
0.0
0.0
0.0
0.0
0.0
0.0
0.0
0.0
0.0
0.0
0.0
0.0
0.0
0.0
0.0
0.0
0.0
0.0
0.0
0.0
0.0
0.0
0.0
0.0
0.0
0.0
0.0
0.0
0.0
0.0
0.0
0.0
0.0
0.0
0.0
0.0
0.0
0.0
0.0
0.0
0.0
0.0
0.0
0.0
0.0
0.0
0.0
0.0
0.0
0.0
0.0
0.0
0.0
0.0
0.0
0.0
0.0
0.0
0.0
0.0
0.0
0.0
0.0
0.0
0.0
0.0
0.0
0.0
0.0
0.0
0.0
0.0
0.0
0.09803922
0.3137255
0.7921569
0.3137255
0.043137256
0.0
0.0
0.0
0.0
0.0
0.0
0.0
0.0
0.0
0.0
0.0
0.0
0.0
0.0
0.0
0.0
0.0
0.0
0.0
0.0
0.0
0.0
0.0
0.3137255
0.99607843
0.99607843
0.99607843
0.24313726
0.32156864
0.0
0.0
0.0
0.0
0.0
0.0
0.0
0.0
0.0
0.0
0.0
0.0
0.0
0.0
0.0
0.0
0.0
0.0
0.0
0.0
0.0
0.0
0.3137255
0.99607843
0.99607843
0.99607843
0.4745098
0.5137255
0.0
0.0
0.0
0.0
0.0
0.0
0.0
0.3647059
0.9372549
0.36078432
0.24313726
0.05882353
0.0
0.0
0.0
0.0
0.0
0.0
0.0
0.0
0.0
0.0
0.3137255
0.99607843
0.99607843
0.99607843
0.99607843
0.5137255
0.0
0.0
0.0
0.0
0.0
0.0
0.0
0.9019608
0.99607843
0.99607843
0.99607843
0.23921569
0.0
0.0
0.0
0.0
0.0
0.0
0.0
0.0
0.0
0.0
0.3137255
0.99607843
0.99607843
0.99607843
0.96862745
0.42745098
0.0
0.0
0.0
0.0
0.0
0.0
0.0
0.9019608
0.99607843
0.99607843
0.99607843
0.23921569
0.0
0.0
0.0
0.0
0.0
0.0
0.0
0.0
0.0
0.0
0.3137255
0.99607843
0.99607843
0.99607843
0.9098039
0.2509804
0.0
0.0
0.0
0.0
0.0
0.0
0.0
0.9019608
0.99607843
0.99607843
0.99607843
0.57254905
0.0
0.0
0.0
0.0
0.0
0.0
0.0
0.0
0.0
0.0
0.3137255
0.99607843
0.99607843
0.99607843
0.99607843
0.56078434
0.023529412
0.0
0.0
0.0
0.0
0.0
0.0
0.9019608
0.99607843
0.99607843
0.99607843
0.9764706
0.43137255
0.0
0.0
0.0
0.0
0.0
0.0
0.0
0.0
0.0
0.3137255
0.99607843
0.99607843
0.99607843
0.99607843
0.99607843
0.20392157
0.0
0.0
0.0
0.0
0.0
0.0
0.9019608
0.99607843
0.99607843
0.99607843
0.92941177
0.0
0.0
0.0
0.0
0.0
0.0
0.0
0.0
0.0
0.0
0.3019608
0.9843137
0.99607843
0.99607843
0.99607843
0.99607843
0.78039217
0.7254902
0.7254902
0.7254902
0.7254902
0.7254902
0.7254902
0.9490196
0.99607843
0.99607843
0.99607843
0.98039216
0.4509804
0.0
0.0
0.0
0.0
0.0
0.0
0.0
0.0
0.0
0.0
0.62352943
0.99607843
0.99607843
0.99607843
0.99607843
0.99607843
0.99607843
0.99607843
0.99607843
0.99607843
0.99607843
0.99607843
0.30588236
0.99607843
0.99607843
0.99607843
0.99607843
0.6156863
0.0
0.0
0.0
0.0
0.0
0.0
0.0
0.0
0.0
0.0
0.21568628
0.95686275
0.99607843
0.99607843
0.99607843
0.99607843
0.99607843
0.99607843
0.99607843
0.99607843
0.99607843
0.60784316
0.24313726
0.99607843
0.99607843
0.99607843
0.99607843
0.6156863
0.0
0.0
0.0
0.0
0.0
0.0
0.0
0.0
0.0
0.0
0.0
0.2627451
0.99607843
0.99607843
0.99607843
0.99607843
0.99607843
0.9882353
0.8156863
0.8156863
0.050980393
0.011764706
0.21176471
0.99607843
0.99607843
0.99607843
0.99607843
0.6156863
0.0
0.0
0.0
0.0
0.0
0.0
0.0
0.0
0.0
0.0
0.0
0.101960786
0.4117647
0.92156863
0.99607843
0.99607843
0.99607843
0.9647059
0.14509805
0.14117648
0.0
0.0
0.08627451
0.7137255
0.99607843
0.99607843
0.99607843
0.6156863
0.0
0.0
0.0
0.0
0.0
0.0
0.0
0.0
0.0
0.0
0.0
0.0
0.0
0.08627451
0.09803922
0.09803922
0.09803922
0.09411765
0.0
0.0
0.0
0.0
0.0
0.5176471
0.99607843
0.99607843
0.99607843
0.6156863
0.0
0.0
0.0
0.0
0.0
0.0
0.0
0.0
0.0
0.0
0.0
0.0
0.0
0.0
0.0
0.0
0.0
0.0
0.0
0.0
0.0
0.0
0.0
0.5176471
0.99607843
0.99607843
0.99607843
0.8156863
0.16078432
0.0
0.0
0.0
0.0
0.0
0.0
0.0
0.0
0.0
0.0
0.0
0.0
0.0
0.0
0.0
0.0
0.0
0.0
0.0
0.0
0.0
0.0
0.5176471
0.99607843
0.99607843
0.99607843
0.99607843
0.30588236
0.0
0.0
0.0
0.0
0.0
0.0
0.0
0.0
0.0
0.0
0.0
0.0
0.0
0.0
0.0
0.0
0.0
0.0
0.0
0.0
0.0
0.0
0.28627452
0.92156863
1.0
0.99607843
0.99607843
0.30588236
0.0
0.0
0.0
0.0
0.0
0.0
0.0
0.0
0.0
0.0
0.0
0.0
0.0
0.0
0.0
0.0
0.0
0.0
0.0
0.0
0.0
0.0
0.0
0.83137256
0.99607843
0.99607843
0.99607843
0.30588236
0.0
0.0
0.0
0.0
0.0
0.0
0.0
0.0
0.0
0.0
0.0
0.0
0.0
0.0
0.0
0.0
0.0
0.0
0.0
0.0
0.0
0.0
0.0
0.83137256
0.99607843
0.972549
0.6156863
0.19215687
0.0
0.0
0.0
0.0
0.0
0.0
0.0
0.0
0.0
0.0
0.0
0.0
0.0
0.0
0.0
0.0
0.0
0.0
0.0
0.0
0.0
0.0
0.0
0.3529412
0.99607843
0.92941177
0.0
0.0
0.0
0.0
0.0
0.0
0.0
0.0
0.0
0.0
0.0
0.0
0.0
0.0
0.0
0.0
0.0
0.0
0.0
0.0
0.0
0.0
0.0
0.0
0.0
0.0
0.0
0.0
0.0
0.0
0.0
0.0
0.0
0.0
0.0
0.0
0.0
0.0
0.0
0.0
0.0
0.0
0.0
0.0
0.0
0.0
0.0
0.0
0.0
0.0
0.0
0.0
0.0
0.0
0.0
0.0
0.0
0.0
0.0
0.0
0.0
0.0
0.0
0.0
0.0
0.0
0.0
0.0
0.0
0.0
0.0
0.0
0.0
0.0
0.0
0.0
0.0
0.0
0.0
0.0
0.0
0.0
0.0
0.0
0.0
0.0
0.0
0.0
0.0
0.0
1 0 0 0 -1 0 0 0 0 0 0
0 1 0 0 -1 0 0 0 0 0 0
0 0 1 0 -1 0 0 0 0 0 0
0 0 0 1 -1 0 0 0 0 0 0
0 0 0 0 -1 1 0 0 0 0 0
0 0 0 0 -1 0 1 0 0 0 0
0 0 0 0 -1 0 0 1 0 0 0
0 0 0 0 -1 0 0 0 1 0 0
0 0 0 0 -1 0 0 0 0 1 0
