0.0
0.0
0.0
0.0
0.0
0.0
0.0
0.0
0.0
0.0
0.0
0.0
0.0
0.0
0.0
0.0
0.0
0.0
0.0
0.0
0.0
0.0
0.0
0.0
0.0
0.0
0.0
0.0
0.0
0.0
0.0
0.0
0.0
0.0
0.0
0.0
0.0
0.0
0.0
0.0
0.0
0.0
0.0
0.0
0.0
0.0
0.0
0.0
0.0
0.0
0.0
0.0
0.0
0.0
0.0
0.0
0.0
0.0
0.0
0.0
0.0
0.0
0.0
0.0
0.0
0.0
0.0
0.0
0.0
0.0
0.0
0.0
0.0
0.0
0.0
0.0
0.0
0.0
0.0
0.0
0.0
0.0
0.0
0.0
0.0
0.0
0.0
0.0
0.0
0.0
0.0
0.0
0.0
0.0
0.0
0.0
0.0
0.0
0.0
0.0
0.0
0.0
0.0
0.0
0.0
0.0
0.0
0.0
0.0
0.0
0.0
0.0
0.0
0.0
0.0
0.0
0.0
0.0
0.0
0.0
0.0
0.0
0.0
0.0
0.0
0.0
0.0
0.0
0.0
0.0
0.0
0.0
0.0
0.0
0.0
0.0
0.0
0.0
0.0
0.0
0.0
0.0
0.0
0.0
0.0
0.0
0.0
0.0
0.0
0.043137256
0.050980393
0.38039216
0.87058824
0.99215686
0.99215686
0.95686275
0.25490198
0.06666667
0.0
0.0
0.0
0.0
0.0
0.0
0.0
0.0
0.0
0.0
0.0
0.0
0.0
0.0
0.0
0.0
0.0
0.0
0.0
0.53333336
0.83137256
0.9882353
0.9882353
0.9882353
0.9882353
0.99215686
0.9882353
0.76862746
0.03529412
0.0
0.0
0.0
0.0
0.0
0.0
0.0
0.0
0.0
0.0
0.0
0.0
0.0
0.0
0.0
0.0
0.0
0.101960786
0.9254902
0.99215686
0.9882353
0.9882353
0.7647059
0.7176471
0.99215686
0.9882353
0.9882353
0.76862746
0.1882353
0.0
0.0
0.0
0.0
0.0
0.0
0.0
0.0
0.0
0.0
0.0
0.0
0.0
0.0
0.0
0.0
0.73333335
0.9882353
0.62352943
0.9882353
0.9882353
0.1764706
0.0
0.18039216
0.46666667
0.8901961
0.9882353
0.9098039
0.37254903
0.0
0.0
0.0
0.0
0.0
0.0
0.0
0.0
0.0
0.0
0.0
0.0
0.0
0.0
0.0
0.8117647
0.9882353
0.5411765
0.9882353
0.7411765
0.015686275
0.0
0.0
0.0
0.1882353
0.9098039
0.9882353
0.45490196
0.0
0.0
0.0
0.0
0.0
0.0
0.0
0.0
0.0
0.0
0.0
0.0
0.0
0.0
0.0
0.0
0.45490196
1.0
0.99215686
0.47843137
0.0
0.0
0.0
0.0
0.0
0.33333334
0.9843137
0.95686275
0.19607843
0.0
0.0
0.0
0.0
0.0
0.0
0.0
0.0
0.0
0.0
0.0
0.0
0.0
0.0
0.0
0.45490196
0.99215686
0.95686275
0.21960784
0.0
0.0
0.0
0.0
0.0
0.0
0.9019608
0.99215686
0.6431373
0.0
0.0
0.0
0.0
0.0
0.0
0.0
0.0
0.0
0.0
0.0
0.0
0.0
0.0
0.39215687
0.84313726
0.96862745
0.38431373
0.0
0.0
0.0
0.0
0.0
0.0
0.0
0.78039217
0.99215686
0.80784315
0.0
0.0
0.0
0.0
0.0
0.0
0.0
0.0
0.0
0.0
0.0
0.0
0.0
0.0
0.8117647
0.9882353
0.9019608
0.0
0.0
0.0
0.0
0.0
0.0
0.0
0.0
0.45490196
0.99215686
0.95686275
0.21960784
0.0
0.0
0.0
0.0
0.0
0.0
0.0
0.0
0.0
0.0
0.0
0.0
0.0
0.8117647
0.9882353
0.9019608
0.0
0.0
0.0
0.0
0.0
0.0
0.0
0.0
0.65882355
0.99215686
0.90588236
0.14509805
0.0
0.0
0.0
0.0
0.0
0.0
0.0
0.0
0.0
0.0
0.0
0.0
0.14901961
0.9137255
0.9529412
0.20784314
0.0
0.0
0.0
0.0
0.0
0.0
0.0
0.0
0.90588236
1.0
0.8117647
0.0
0.0
0.0
0.0
0.0
0.0
0.0
0.0
0.0
0.0
0.0
0.0
0.0
0.27450982
0.9882353
0.5372549
0.0
0.0
0.0
0.0
0.0
0.0
0.0
0.0
0.0
0.9019608
0.99215686
0.7254902
0.0
0.0
0.0
0.0
0.0
0.0
0.0
0.0
0.0
0.0
0.0
0.0
0.0
0.27450982
0.9882353
0.41568628
0.0
0.0
0.0
0.0
0.0
0.0
0.0
0.0
0.39215687
0.9647059
0.96862745
0.2627451
0.0
0.0
0.0
0.0
0.0
0.0
0.0
0.0
0.0
0.0
0.0
0.0
0.0
0.4392157
0.9882353
0.08627451
0.0
0.0
0.0
0.0
0.0
0.0
0.0
0.22352941
0.95686275
0.9882353
0.5294118
0.0
0.0
0.0
0.0
0.0
0.0
0.0
0.0
0.0
0.0
0.0
0.0
0.0
0.0
0.5137255
0.8235294
0.047058824
0.0
0.0
0.0
0.0
0.0
0.0
0.08627451
0.8039216
0.9882353
0.9882353
0.24705882
0.0
0.0
0.0
0.0
0.0
0.0
0.0
0.0
0.0
0.0
0.0
0.0
0.0
0.0
0.27450982
0.99215686
0.3372549
0.0
0.0
0.0
0.0
0.0
0.050980393
0.6666667
0.99215686
0.99215686
0.29411766
0.0
0.0
0.0
0.0
0.0
0.0
0.0
0.0
0.0
0.0
0.0
0.0
0.0
0.0
0.0
0.47843137
0.9882353
0.827451
0.101960786
0.06666667
0.0
0.31764707
0.42745098
0.83137256
0.9882353
0.9882353
0.75686276
0.03137255
0.0
0.0
0.0
0.0
0.0
0.0
0.0
0.0
0.0
0.0
0.0
0.0
0.0
0.0
0.0
0.27450982
0.9882353
0.9882353
0.87058824
0.81960785
0.72156864
0.9411765
0.9882353
0.99215686
0.9411765
0.5921569
0.17254902
0.0
0.0
0.0
0.0
0.0
0.0
0.0
0.0
0.0
0.0
0.0
0.0
0.0
0.0
0.0
0.0
0.050980393
0.84313726
0.9882353
0.99215686
0.9882353
0.9882353
0.8235294
0.9490196
0.79607844
0.30980393
0.0
0.0
0.0
0.0
0.0
0.0
0.0
0.0
0.0
0.0
0.0
0.0
0.0
0.0
0.0
0.0
0.0
0.0
0.0
0.07450981
0.7019608
0.99215686
0.9882353
0.65882355
0.33333334
0.5372549
0.043137256
0.0
0.0
0.0
0.0
0.0
0.0
0.0
0.0
0.0
0.0
0.0
0.0
0.0
0.0
0.0
0.0
0.0
0.0
0.0
0.0
0.0
0.0
0.0
0.0
0.0
0.0
0.0
0.0
0.0
0.0
0.0
0.0
0.0
0.0
0.0
0.0
0.0
0.0
0.0
0.0
0.0
0.0
0.0
0.0
0.0
0.0
0.0
0.0
0.0
0.0
0.0
0.0
0.0
0.0
0.0
0.0
0.0
0.0
0.0
0.0
0.0
0.0
0.0
0.0
0.0
0.0
0.0
0.0
0.0
0.0
0.0
0.0
0.0
0.0
0.0
0.0
0.0
0.0
0.0
0.0
0.0
0.0
0.0
0.0
0.0
0.0
0.0
0.0
0.0
0.0
0.0
0.0
0.0
0.0
0.0
0.0
-1 1 0 0 0 0 0 0 0 0 0
-1 0 1 0 0 0 0 0 0 0 0
-1 0 0 1 0 0 0 0 0 0 0
-1 0 0 0 1 0 0 0 0 0 0
-1 0 0 0 0 1 0 0 0 0 0
-1 0 0 0 0 0 1 0 0 0 0
-1 0 0 0 0 0 0 1 0 0 0
-1 0 0 0 0 0 0 0 1 0 0
-1 0 0 0 0 0 0 0 0 1 0
