0.0
0.0
0.0
0.0
0.0
0.0
0.0
0.0
0.0
0.0
0.0
0.0
0.0
0.0
0.0
0.0
0.0
0.0
0.0
0.0
0.0
0.0
0.0
0.0
0.0
0.0
0.0
0.0
0.0
0.0
0.0
0.0
0.0
0.0
0.0
0.0
0.0
0.0
0.0
0.0
0.0
0.0
0.0
0.0
0.0
0.0
0.0
0.0
0.0
0.0
0.0
0.0
0.0
0.0
0.0
0.0
0.0
0.0
0.0
0.0
0.0
0.0
0.0
0.0
0.0
0.0
0.0
0.0
0.0
0.0
0.0
0.0
0.0
0.0
0.0
0.0
0.0
0.0
0.0
0.0
0.0
0.0
0.0
0.0
0.0
0.0
0.0
0.0
0.0
0.0
0.0
0.0
0.0
0.0
0.003921569
0.3372549
0.5921569
0.7607843
1.0
0.8784314
0.50980395
0.1254902
0.0
0.0
0.0
0.0
0.0
0.0
0.0
0.0
0.0
0.0
0.0
0.0
0.0
0.0
0.0
0.0
0.0
0.0
0.0
0.0
0.3882353
0.99215686
0.99215686
0.99215686
0.99215686
0.99215686
0.99215686
0.85882354
0.12941177
0.0
0.0
0.0
0.0
0.0
0.0
0.0
0.0
0.0
0.0
0.0
0.0
0.0
0.0
0.0
0.0
0.0
0.0
0.0
0.32941177
0.95686275
0.8352941
0.43529412
0.43529412
0.5686275
0.99215686
0.99215686
0.6745098
0.0
0.0
0.0
0.0
0.0
0.0
0.0
0.0
0.0
0.0
0.0
0.0
0.0
0.0
0.0
0.0
0.0
0.0
0.0
0.0
0.20392157
0.0
0.0
0.0
0.24705882
0.99215686
0.99215686
0.7058824
0.019607844
0.0
0.0
0.0
0.0
0.0
0.0
0.0
0.0
0.0
0.0
0.0
0.0
0.0
0.0
0.0
0.0
0.0
0.0
0.0
0.0
0.0
0.0
0.0
0.1254902
0.8745098
0.99215686
0.8
0.06666667
0.0
0.0
0.0
0.0
0.0
0.0
0.0
0.0
0.0
0.0
0.0
0.0
0.0
0.0
0.0
0.0
0.0
0.0
0.0
0.0
0.0
0.0
0.0
0.24705882
0.99215686
0.99215686
0.6745098
0.0
0.0
0.0
0.0
0.0
0.0
0.0
0.0
0.0
0.0
0.0
0.0
0.0
0.0
0.0
0.0
0.0
0.0
0.0
0.0
0.0
0.0
0.0
0.0
0.24705882
0.99215686
0.99215686
0.83137256
0.08235294
0.0
0.0
0.0
0.0
0.0
0.0
0.0
0.0
0.0
0.0
0.0
0.0
0.0
0.0
0.0
0.0
0.0
0.0
0.0
0.0
0.0
0.0
0.0
0.24705882
0.99215686
0.99215686
0.6745098
0.0
0.0
0.0
0.0
0.0
0.0
0.0
0.0
0.0
0.0
0.0
0.0
0.0
0.0
0.0
0.0
0.0
0.0
0.0
0.0
0.0
0.0
0.0
0.0
0.5882353
0.99215686
0.99215686
0.6745098
0.0
0.0
0.0
0.0
0.0
0.0
0.0
0.0
0.0
0.0
0.0
0.0
0.0
0.0
0.0
0.0
0.0
0.0
0.0
0.0
0.0
0.0
0.0
0.05490196
0.79607844
0.99215686
0.99215686
0.6745098
0.0
0.0
0.0
0.0
0.0
0.0
0.0
0.0
0.0
0.0
0.0
0.0
0.0
0.0
0.0
0.0
0.0
0.0
0.0
0.0
0.0
0.0
0.0
0.5882353
0.99215686
0.99215686
0.99215686
0.30980393
0.0
0.0
0.0
0.0
0.0
0.0
0.0
0.0
0.0
0.0
0.0
0.0
0.0
0.0
0.0
0.0
0.0
0.0
0.0
0.0
0.1882353
0.29411766
0.39215687
0.92941177
0.99215686
0.99215686
0.8509804
0.09803922
0.0
0.0
0.0
0.0
0.0
0.0
0.0
0.0
0.0
0.0
0.0
0.0
0.0
0.0
0.0
0.0
0.0
0.18039216
0.5529412
0.6156863
0.9254902
0.99215686
0.99215686
0.99215686
0.99215686
0.99215686
0.99215686
0.8392157
0.8039216
0.3882353
0.74509805
0.5647059
0.3529412
0.17254902
0.0
0.0
0.0
0.0
0.0
0.0
0.0
0.0
0.0
0.0
0.18431373
0.70980394
0.99215686
0.99215686
0.99215686
0.99215686
0.99215686
0.99215686
0.99215686
0.99215686
0.99215686
0.8862745
0.9372549
0.99215686
0.99215686
0.99215686
0.99215686
0.91764706
0.25882354
0.0
0.0
0.0
0.0
0.0
0.0
0.0
0.0
0.023529412
0.92941177
0.99215686
0.99215686
0.99215686
0.99215686
0.99215686
0.99215686
0.99215686
0.9019608
0.49803922
0.14509805
0.09803922
0.12156863
0.14509805
0.14509805
0.14509805
0.5921569
0.40392157
0.003921569
0.0
0.0
0.0
0.0
0.0
0.0
0.0
0.0
0.02745098
0.99215686
0.99215686
0.95686275
0.30980393
0.6745098
0.99215686
0.99215686
0.99215686
0.7490196
0.0
0.0
0.0
0.0
0.0
0.0
0.0
0.0
0.0
0.0
0.0
0.0
0.0
0.0
0.0
0.0
0.0
0.0
0.47058824
0.99215686
0.99215686
0.69411767
0.11372549
0.9607843
0.99215686
0.99215686
0.69803923
0.2
0.0
0.0
0.0
0.0
0.0
0.0
0.0
0.0
0.0
0.0
0.0
0.0
0.0
0.0
0.0
0.0
0.0
0.0
0.50980395
0.99215686
0.70980394
0.3372549
0.93333334
0.99215686
0.99215686
0.90588236
0.16470589
0.0
0.0
0.0
0.0
0.0
0.0
0.0
0.0
0.0
0.0
0.0
0.0
0.0
0.0
0.0
0.0
0.0
0.0
0.0
0.28627452
0.99215686
0.96862745
0.9764706
0.99215686
0.99215686
0.6862745
0.19215687
0.0
0.0
0.0
0.0
0.0
0.0
0.0
0.0
0.0
0.0
0.0
0.0
0.0
0.0
0.0
0.0
0.0
0.0
0.0
0.0
0.003921569
0.28627452
0.78039217
0.94509804
0.5058824
0.2
0.007843138
0.0
0.0
0.0
0.0
0.0
0.0
0.0
0.0
0.0
0.0
0.0
0.0
0.0
0.0
0.0
0.0
0.0
0.0
0.0
0.0
0.0
0.0
0.0
0.0
0.0
0.0
0.0
0.0
0.0
0.0
0.0
0.0
0.0
0.0
0.0
0.0
0.0
0.0
0.0
0.0
0.0
0.0
0.0
0.0
0.0
0.0
0.0
0.0
0.0
0.0
0.0
0.0
0.0
0.0
0.0
0.0
0.0
0.0
0.0
0.0
0.0
0.0
0.0
0.0
0.0
0.0
0.0
0.0
0.0
0.0
0.0
0.0
0.0
0.0
0.0
0.0
0.0
0.0
0.0
0.0
0.0
0.0
0.0
0.0
0.0
0.0
0.0
0.0
0.0
0.0
0.0
0.0
0.0
0.0
0.0
0.0
0.0
0.0
0.0
0.0
0.0
0.0
0.0
0.0
0.0
0.0
0.0
0.0
0.0
0.0
0.0
0.0
0.0
0.0
0.0
0.0
0.0
0.0
0.0
0.0
0.0
0.0
0.0
0.0
0.0
0.0
0.0
0.0
0.0
0.0
0.0
0.0
0.0
0.0
0.0
0.0
0.0
0.0
0.0
0.0
0.0
0.0
0.0
0.0
0.0
0.0
0.0
0.0
0.0
0.0
0.0
0.0
0.0
0.0
0.0
1 0 -1 0 0 0 0 0 0 0 0
0 1 -1 0 0 0 0 0 0 0 0
0 0 -1 1 0 0 0 0 0 0 0
0 0 -1 0 1 0 0 0 0 0 0
0 0 -1 0 0 1 0 0 0 0 0
0 0 -1 0 0 0 1 0 0 0 0
0 0 -1 0 0 0 0 1 0 0 0
0 0 -1 0 0 0 0 0 1 0 0
0 0 -1 0 0 0 0 0 0 1 0
