0.0
0.0
0.0
0.0
0.0
0.0
0.0
0.0
0.0
0.0
0.0
0.0
0.0
0.0
0.0
0.0
0.0
0.0
0.0
0.0
0.0
0.0
0.0
0.0
0.0
0.0
0.0
0.0
0.0
0.0
0.0
0.0
0.0
0.0
0.0
0.0
0.0
0.0
0.0
0.0
0.0
0.0
0.0
0.0
0.0
0.0
0.0
0.0
0.0
0.0
0.0
0.0
0.0
0.0
0.0
0.0
0.0
0.0
0.0
0.0
0.0
0.0
0.0
0.0
0.0
0.0
0.0
0.0
0.0
0.0
0.0
0.0
0.0
0.0
0.0
0.0
0.0
0.0
0.0
0.0
0.0
0.0
0.0
0.0
0.0
0.0
0.0
0.0
0.0
0.0
0.0
0.0
0.0
0.0
0.0
0.0
0.0
0.0
0.0
0.0
0.0
0.0
0.0
0.0
0.0
0.0
0.0
0.0
0.0
0.0
0.0
0.0
0.0
0.0
0.0
0.0
0.0
0.0
0.0
0.0
0.0
0.0
0.0
0.0
0.0
0.0
0.17254902
0.54901963
0.99607843
0.7176471
0.047058824
0.0
0.0
0.0
0.0
0.0
0.0
0.0
0.0
0.0
0.0
0.0
0.0
0.0
0.0
0.0
0.0
0.0
0.0
0.0
0.0
0.0
0.0
0.49019608
0.8980392
0.99215686
0.99215686
0.99215686
0.25490198
0.0
0.0
0.0
0.0
0.0
0.0
0.0
0.0
0.0
0.0
0.0
0.0
0.0
0.0
0.0
0.0
0.0
0.0
0.0
0.0
0.26666668
0.6431373
0.8509804
0.99607843
0.99215686
0.99215686
0.99215686
0.8901961
0.6431373
0.30588236
0.0
0.0
0.0
0.0
0.0
0.0
0.0
0.0
0.0
0.0
0.0
0.0
0.0
0.0
0.0
0.0
0.0
0.2509804
0.9647059
0.99215686
0.99215686
0.99607843
0.99215686
0.7137255
0.99215686
0.99215686
0.99215686
0.7137255
0.30588236
0.0
0.0
0.0
0.0
0.0
0.0
0.0
0.0
0.0
0.0
0.0
0.0
0.0
0.0
0.0
0.28235295
0.9411765
0.99215686
0.99215686
0.99215686
0.99607843
0.26666668
0.08235294
0.69803923
0.9607843
0.99215686
0.99215686
0.9529412
0.20392157
0.0
0.0
0.0
0.0
0.0
0.0
0.0
0.0
0.0
0.0
0.0
0.0
0.0
0.28235295
0.9098039
0.99215686
0.99215686
0.972549
0.8745098
0.2901961
0.050980393
0.0
0.0
0.46666667
0.99215686
0.99215686
0.99215686
0.3019608
0.0
0.0
0.0
0.0
0.0
0.0
0.0
0.0
0.0
0.0
0.0
0.0
0.0
0.8784314
0.99215686
0.99215686
0.99215686
0.5019608
0.0
0.0
0.0
0.0
0.0
0.14117648
0.8392157
0.99215686
0.99215686
0.9098039
0.21960784
0.0
0.0
0.0
0.0
0.0
0.0
0.0
0.0
0.0
0.0
0.023529412
0.6313726
0.9843137
0.99215686
0.99215686
0.45490196
0.015686275
0.0
0.0
0.0
0.0
0.0
0.0
0.14901961
0.99215686
0.99215686
0.99215686
0.40784314
0.0
0.0
0.0
0.0
0.0
0.0
0.0
0.0
0.0
0.0
0.50980395
0.99215686
0.99215686
0.972549
0.5019608
0.015686275
0.0
0.0
0.0
0.0
0.0
0.0
0.0
0.02745098
0.63529414
0.99215686
0.99215686
0.40784314
0.0
0.0
0.0
0.0
0.0
0.0
0.0
0.0
0.0
0.14117648
0.8509804
0.99215686
0.99215686
0.8745098
0.0
0.0
0.0
0.0
0.0
0.0
0.0
0.0
0.0
0.0
0.5254902
0.99215686
0.99215686
0.7529412
0.0
0.0
0.0
0.0
0.0
0.0
0.0
0.0
0.0
0.827451
0.99607843
0.99607843
0.8745098
0.17254902
0.0
0.0
0.0
0.0
0.0
0.0
0.0
0.0
0.0
0.0
0.5294118
1.0
0.99607843
1.0
0.0
0.0
0.0
0.0
0.0
0.0
0.0
0.0
0.34117648
0.9647059
0.99215686
0.99215686
0.21568628
0.0
0.0
0.0
0.0
0.0
0.0
0.0
0.0
0.0
0.0
0.0
0.5254902
0.99215686
0.99215686
0.99215686
0.0
0.0
0.0
0.0
0.0
0.0
0.0
0.0
0.44705883
0.99215686
0.99215686
0.9647059
0.105882354
0.0
0.0
0.0
0.0
0.0
0.0
0.0
0.0
0.0
0.0
0.0
0.5254902
0.99215686
0.99215686
0.99215686
0.0
0.0
0.0
0.0
0.0
0.0
0.0
0.0
0.99607843
0.99215686
0.99215686
0.52156866
0.0
0.0
0.0
0.0
0.0
0.0
0.0
0.0
0.0
0.0
0.0
0.3372549
0.7490196
0.99215686
0.99215686
0.7137255
0.0
0.0
0.0
0.0
0.0
0.0
0.0
0.0
0.99607843
0.99215686
0.9411765
0.0627451
0.0
0.0
0.0
0.0
0.0
0.0
0.0
0.0
0.019607844
0.29411766
0.47058824
0.9607843
0.99215686
0.99215686
0.9411765
0.28627452
0.0
0.0
0.0
0.0
0.0
0.0
0.0
0.0
0.5803922
0.99215686
0.9764706
0.42745098
0.08627451
0.0
0.0
0.0
0.0
0.07058824
0.12156863
0.6039216
0.72156864
0.99215686
0.99215686
0.99215686
0.99215686
0.99215686
0.74509805
0.0
0.0
0.0
0.0
0.0
0.0
0.0
0.0
0.0
0.4117647
0.99215686
0.99215686
0.99215686
0.85490197
0.5254902
0.5254902
0.5254902
0.5254902
0.8039216
0.99607843
0.99215686
0.99215686
0.99215686
0.99215686
0.99215686
0.99215686
0.49411765
0.10980392
0.0
0.0
0.0
0.0
0.0
0.0
0.0
0.0
0.0
0.023529412
0.83137256
0.99215686
0.99215686
0.99215686
0.99215686
0.99215686
0.99215686
0.99215686
0.99215686
1.0
0.99215686
0.99215686
0.99215686
0.99215686
0.9490196
0.32941177
0.003921569
0.0
0.0
0.0
0.0
0.0
0.0
0.0
0.0
0.0
0.0
0.0
0.19215687
0.61960787
0.99215686
0.99215686
0.99215686
0.99215686
0.99215686
0.99215686
0.99215686
0.9254902
0.8156863
0.78039217
0.5058824
0.6431373
0.20392157
0.0
0.0
0.0
0.0
0.0
0.0
0.0
0.0
0.0
0.0
0.0
0.0
0.0
0.0
0.02745098
0.40784314
0.9254902
0.99215686
0.99215686
0.6431373
0.8862745
0.40784314
0.24313726
0.0
0.0
0.0
0.0
0.0
0.0
0.0
0.0
0.0
0.0
0.0
0.0
0.0
0.0
0.0
0.0
0.0
0.0
0.0
0.0
0.0
0.0
0.0
0.0
0.0
0.0
0.0
0.0
0.0
0.0
0.0
0.0
0.0
0.0
0.0
0.0
0.0
0.0
0.0
0.0
0.0
0.0
0.0
0.0
0.0
0.0
0.0
0.0
0.0
0.0
0.0
0.0
0.0
0.0
0.0
0.0
0.0
0.0
0.0
0.0
0.0
0.0
0.0
0.0
0.0
0.0
0.0
0.0
0.0
0.0
0.0
0.0
0.0
0.0
0.0
0.0
0.0
0.0
0.0
0.0
0.0
0.0
0.0
0.0
0.0
0.0
0.0
0.0
0.0
0.0
0.0
0.0
0.0
0.0
0.0
0.0
0.0
0.0
0.0
0.0
0.0
0.0
0.0
0.0
0.0
0.0
0.0
0.0
0.0
0.0
0.0
0.0
0.0
0.0
0.0
0.0
0.0
0.0
0.0
0.0
0.0
0.0
0.0
0.0
0.0
-1 1 0 0 0 0 0 0 0 0 0
-1 0 1 0 0 0 0 0 0 0 0
-1 0 0 1 0 0 0 0 0 0 0
-1 0 0 0 1 0 0 0 0 0 0
-1 0 0 0 0 1 0 0 0 0 0
-1 0 0 0 0 0 1 0 0 0 0
-1 0 0 0 0 0 0 1 0 0 0
-1 0 0 0 0 0 0 0 1 0 0
-1 0 0 0 0 0 0 0 0 1 0
