0.0
0.0
0.0
0.0
0.0
0.0
0.0
0.0
0.0
0.0
0.0
0.0
0.0
0.0
0.0
0.0
0.0
0.0
0.0
0.0
0.0
0.0
0.0
0.0
0.0
0.0
0.0
0.0
0.0
0.0
0.0
0.0
0.0
0.0
0.0
0.0
0.0
0.0
0.0
0.0
0.0
0.0
0.0
0.0
0.0
0.0
0.0
0.0
0.0
0.0
0.0
0.0
0.0
0.0
0.0
0.0
0.0
0.0
0.0
0.0
0.0
0.0
0.0
0.0
0.0
0.0
0.0
0.0
0.0
0.0
0.0
0.0
0.0
0.0
0.0
0.0
0.0
0.0
0.0
0.0
0.0
0.0
0.0
0.0
0.0
0.0
0.0
0.0
0.0
0.0
0.0
0.0
0.0
0.0
0.0
0.0
0.0
0.0
0.0
0.0
0.0
0.0
0.0
0.0
0.0
0.0
0.0
0.0
0.0
0.0
0.0
0.0
0.0
0.0
0.0
0.0
0.0
0.0
0.0
0.0
0.02745098
0.07058824
0.29803923
0.53333336
0.53333336
0.6431373
0.99607843
1.0
0.99607843
0.7607843
0.4745098
0.0
0.0
0.0
0.0
0.0
0.0
0.0
0.0
0.0
0.0
0.0
0.0
0.0
0.0
0.0
0.03137255
0.49019608
0.7411765
0.99215686
0.99215686
0.99215686
0.99215686
0.99215686
0.99215686
0.99215686
0.99215686
0.99215686
0.9490196
0.3019608
0.039215688
0.0
0.0
0.0
0.0
0.0
0.0
0.0
0.0
0.0
0.0
0.0
0.015686275
0.27450982
0.7411765
0.99215686
0.99215686
0.99215686
0.99215686
0.972549
0.78431374
0.6745098
0.32156864
0.32156864
0.32156864
0.5686275
0.99215686
0.99215686
0.5882353
0.0
0.0
0.0
0.0
0.0
0.0
0.0
0.0
0.0
0.0
0.0
0.07058824
0.99215686
0.99215686
0.99215686
0.99215686
0.74509805
0.27450982
0.23137255
0.0
0.0
0.0
0.0
0.0
0.18039216
0.99215686
0.99215686
0.92941177
0.15686275
0.0
0.0
0.0
0.0
0.0
0.0
0.0
0.0
0.0
0.0
0.4509804
0.99215686
0.99215686
0.73333335
0.26666668
0.023529412
0.0
0.0
0.0
0.0
0.0
0.0
0.0
0.6745098
0.99215686
0.99215686
0.78431374
0.039215688
0.0
0.0
0.0
0.0
0.0
0.0
0.0
0.0
0.0
0.0
0.1254902
0.99215686
0.6117647
0.03137255
0.0
0.0
0.0
0.0
0.0
0.0
0.0
0.0
0.58431375
0.99215686
0.99215686
0.99215686
0.32941177
0.0
0.0
0.0
0.0
0.0
0.0
0.0
0.0
0.0
0.0
0.0
0.003921569
0.043137256
0.015686275
0.0
0.0
0.0
0.0
0.0
0.0
0.0
0.007843138
0.41568628
0.9490196
0.99215686
0.99215686
0.5803922
0.011764706
0.0
0.0
0.0
0.0
0.0
0.0
0.0
0.0
0.0
0.0
0.0
0.0
0.0
0.0
0.0
0.0
0.0
0.0
0.0
0.0
0.06666667
0.58431375
0.99215686
0.99215686
0.99215686
0.8352941
0.0
0.0
0.0
0.0
0.0
0.0
0.0
0.0
0.0
0.0
0.0
0.0
0.0
0.0
0.0
0.0
0.0
0.0
0.0
0.003921569
0.20784314
0.627451
0.88235295
0.99215686
0.99215686
0.99215686
0.8862745
0.15294118
0.0
0.0
0.0
0.0
0.0
0.0
0.0
0.0
0.0
0.0
0.0
0.0
0.0
0.0
0.0
0.0
0.0
0.0
0.09803922
0.47058824
0.99215686
0.99215686
0.99215686
0.99215686
0.99215686
0.99215686
0.8392157
0.6156863
0.0
0.0
0.0
0.0
0.0
0.0
0.0
0.0
0.0
0.0
0.0
0.0
0.0
0.0
0.0
0.0
0.0
0.0
0.41960785
0.99215686
0.99215686
0.99215686
0.99215686
0.99215686
0.99215686
0.99215686
0.99215686
0.96862745
0.46666667
0.22745098
0.0
0.0
0.0
0.0
0.0
0.0
0.0
0.0
0.0
0.0
0.0
0.0
0.0
0.0
0.0
0.0
0.2627451
0.9764706
0.99215686
0.99215686
0.73333335
0.26666668
0.16078432
0.16078432
0.4
0.6666667
0.99215686
0.9529412
0.34901962
0.0
0.0
0.0
0.0
0.0
0.0
0.0
0.0
0.0
0.0
0.0
0.0
0.0
0.0
0.0
0.0
0.3137255
0.50980395
0.09019608
0.02745098
0.0
0.0
0.0
0.0
0.06666667
0.8392157
0.99215686
0.9647059
0.1254902
0.0
0.0
0.0
0.0
0.0
0.0
0.0
0.0
0.0
0.0
0.0
0.0
0.0
0.0
0.0
0.0
0.0
0.0
0.0
0.0
0.0
0.0
0.0
0.0
0.101960786
0.8509804
0.99215686
0.7921569
0.03529412
0.0
0.0
0.0
0.0
0.0
0.0
0.0
0.0
0.0
0.08235294
0.4862745
0.03137255
0.0
0.0
0.0
0.0
0.0
0.0
0.0
0.0
0.0
0.0
0.0
0.078431375
0.7529412
0.99215686
0.99215686
0.06666667
0.0
0.0
0.0
0.0
0.0
0.0
0.0
0.0
0.0
0.11372549
0.93333334
0.6039216
0.12156863
0.0
0.0
0.0
0.0
0.0
0.0
0.0
0.0
0.011764706
0.24313726
0.8745098
0.99215686
0.99215686
0.99215686
0.06666667
0.0
0.0
0.0
0.0
0.0
0.0
0.0
0.0
0.0
0.0
0.67058825
0.99215686
0.8980392
0.52156866
0.13333334
0.0
0.0
0.0
0.078431375
0.25882354
0.25882354
0.72156864
0.99215686
0.99215686
0.99215686
0.99215686
0.5882353
0.019607844
0.0
0.0
0.0
0.0
0.0
0.0
0.0
0.0
0.0
0.0
0.23921569
0.9098039
0.99215686
0.99215686
0.89411765
0.7882353
0.7882353
0.7882353
0.8509804
0.99215686
0.99215686
0.99215686
0.99215686
0.99215686
0.99215686
0.58431375
0.03137255
0.0
0.0
0.0
0.0
0.0
0.0
0.0
0.0
0.0
0.0
0.0
0.0
0.101960786
0.29803923
0.9490196
0.99215686
0.99215686
0.99215686
0.99215686
0.99215686
0.99215686
0.99215686
0.99215686
0.9490196
0.59607846
0.26666668
0.03137255
0.0
0.0
0.0
0.0
0.0
0.0
0.0
0.0
0.0
0.0
0.0
0.0
0.0
0.0
0.0
0.05882353
0.7372549
0.99215686
0.99215686
0.99215686
0.99215686
0.6039216
0.5294118
0.29411766
0.05882353
0.0
0.0
0.0
0.0
0.0
0.0
0.0
0.0
0.0
0.0
0.0
0.0
0.0
0.0
0.0
0.0
0.0
0.0
0.0
0.0
0.0
0.0
0.0
0.0
0.0
0.0
0.0
0.0
0.0
0.0
0.0
0.0
0.0
0.0
0.0
0.0
0.0
0.0
0.0
0.0
0.0
0.0
0.0
0.0
0.0
0.0
0.0
0.0
0.0
0.0
0.0
0.0
0.0
0.0
0.0
0.0
0.0
0.0
0.0
0.0
0.0
0.0
0.0
0.0
0.0
0.0
0.0
0.0
0.0
0.0
0.0
0.0
0.0
0.0
0.0
0.0
0.0
0.0
0.0
0.0
0.0
0.0
0.0
0.0
0.0
0.0
0.0
0.0
0.0
0.0
0.0
0.0
0.0
0.0
0.0
0.0
0.0
0.0
0.0
0.0
0.0
0.0
0.0
0.0
0.0
0.0
0.0
0.0
0.0
0.0
0.0
0.0
0.0
0.0
0.0
0.0
0.0
0.0
0.0
0.0
0.0
1 0 0 -1 0 0 0 0 0 0 0
0 1 0 -1 0 0 0 0 0 0 0
0 0 1 -1 0 0 0 0 0 0 0
0 0 0 -1 1 0 0 0 0 0 0
0 0 0 -1 0 1 0 0 0 0 0
0 0 0 -1 0 0 1 0 0 0 0
0 0 0 -1 0 0 0 1 0 0 0
0 0 0 -1 0 0 0 0 1 0 0
0 0 0 -1 0 0 0 0 0 1 0
