0.0
0.0
0.0
0.0
0.0
0.0
0.0
0.0
0.0
0.0
0.0
0.0
0.0
0.0
0.0
0.0
0.0
0.0
0.0
0.0
0.0
0.0
0.0
0.0
0.0
0.0
0.0
0.0
0.0
0.0
0.0
0.0
0.0
0.0
0.0
0.0
0.0
0.0
0.0
0.0
0.0
0.0
0.0
0.0
0.0
0.0
0.0
0.0
0.0
0.0
0.0
0.0
0.0
0.0
0.0
0.0
0.0
0.0
0.0
0.0
0.0
0.0
0.0
0.0
0.0
0.0
0.0
0.0
0.0
0.0
0.0
0.0
0.0
0.0
0.0
0.0
0.0
0.0
0.0
0.0
0.0
0.0
0.0
0.0
0.0
0.0
0.0
0.0
0.0
0.0
0.0
0.0
0.0
0.0
0.0
0.0
0.0
0.0
0.0
0.0
0.0
0.0
0.0
0.0
0.0
0.0
0.0
0.0
0.0
0.0
0.0
0.0
0.0
0.0
0.0
0.0
0.0
0.0
0.0
0.0
0.0
0.30980393
0.42745098
1.0
0.99215686
0.99215686
0.99215686
1.0
0.99215686
0.99215686
0.6666667
0.24705882
0.0
0.0
0.0
0.0
0.0
0.0
0.0
0.0
0.0
0.0
0.0
0.0
0.0
0.0
0.0
0.0
0.4117647
0.9490196
0.9882353
0.99215686
0.9882353
0.9882353
0.9882353
0.99215686
0.9882353
0.9882353
0.9882353
0.6901961
0.039215688
0.0
0.0
0.0
0.0
0.0
0.0
0.0
0.0
0.0
0.0
0.0
0.0
0.0
0.0
0.0
0.8509804
0.9882353
0.9882353
0.99215686
0.9882353
0.9882353
0.9882353
0.99215686
0.9882353
0.9882353
0.9882353
0.99215686
0.13725491
0.0
0.0
0.0
0.0
0.0
0.0
0.0
0.0
0.0
0.0
0.0
0.0
0.0
0.0
0.0
0.8509804
0.9882353
0.9882353
0.99215686
0.9882353
0.9882353
0.9882353
0.99215686
0.9882353
0.9882353
0.9882353
0.99215686
0.46666667
0.0
0.0
0.0
0.0
0.0
0.0
0.0
0.0
0.0
0.0
0.0
0.0
0.0
0.0
0.0
0.6039216
0.9882353
0.9882353
0.99215686
0.9882353
0.9882353
0.9882353
0.99215686
0.9882353
0.9882353
0.9882353
0.99215686
0.7019608
0.0
0.0
0.0
0.0
0.0
0.0
0.0
0.0
0.0
0.0
0.0
0.0
0.0
0.0
0.0
0.20392157
0.7019608
0.7019608
0.13725491
0.13725491
0.13725491
0.62352943
0.99215686
0.9882353
0.9882353
0.9882353
0.99215686
0.5411765
0.0
0.0
0.0
0.0
0.0
0.0
0.0
0.0
0.0
0.0
0.0
0.0
0.0
0.0
0.0
0.0
0.0
0.0
0.0627451
0.14509805
0.54901963
0.8666667
0.99215686
0.9882353
0.9882353
0.9882353
0.6862745
0.039215688
0.0
0.0
0.0
0.0
0.0
0.0
0.0
0.0
0.0
0.0
0.0
0.0
0.0
0.0
0.0
0.0
0.0
0.0
0.7490196
0.9882353
0.9882353
0.9882353
0.99215686
0.9882353
0.9882353
0.9882353
0.5647059
0.0
0.0
0.0
0.0
0.0
0.0
0.0
0.0
0.0
0.0
0.0
0.0
0.0
0.0
0.0
0.0
0.0
0.7137255
0.99215686
1.0
0.99215686
0.99215686
0.99215686
1.0
0.99215686
0.99215686
0.99215686
0.5686275
0.0
0.0
0.0
0.0
0.0
0.0
0.0
0.0
0.0
0.0
0.0
0.0
0.0
0.0
0.0
0.0
0.08235294
0.7882353
0.9882353
0.99215686
0.9882353
0.9882353
0.9882353
0.99215686
0.9882353
0.9882353
0.9882353
0.93333334
0.28235295
0.0
0.0
0.0
0.0
0.0
0.0
0.0
0.0
0.0
0.0
0.0
0.0
0.0
0.0
0.0
0.08235294
0.7882353
0.9882353
0.99215686
0.9882353
0.9882353
0.9882353
0.99215686
0.9882353
0.9882353
0.9882353
0.99215686
0.90588236
0.20392157
0.0
0.0
0.0
0.0
0.0
0.0
0.0
0.0
0.0
0.0
0.0
0.0
0.0
0.0
0.0
0.70980394
0.9882353
0.99215686
0.9882353
0.9882353
0.9882353
0.7490196
0.9098039
0.9882353
0.9882353
0.99215686
0.9882353
0.2784314
0.0
0.0
0.0
0.0
0.0
0.0
0.0
0.0
0.0
0.0
0.1254902
0.42745098
0.18431373
0.0
0.0
0.7137255
0.99215686
1.0
0.87058824
0.49019608
0.0
0.0
0.28627452
0.99215686
0.99215686
1.0
0.99215686
0.28235295
0.0
0.0
0.0
0.0
0.0
0.0
0.0
0.0
0.0
0.0
0.77254903
0.9882353
0.9098039
0.16470589
0.0
0.18039216
0.7019608
0.7058824
0.1764706
0.0
0.0
0.1254902
0.8117647
0.9882353
0.9882353
0.99215686
0.9882353
0.2784314
0.0
0.0
0.0
0.0
0.0
0.0
0.0
0.0
0.0
0.0
0.76862746
0.9882353
0.9882353
0.8666667
0.22352941
0.14509805
0.14509805
0.14509805
0.14509805
0.14509805
0.47058824
0.83137256
0.9882353
0.9882353
0.9882353
0.99215686
0.9882353
0.2784314
0.0
0.0
0.0
0.0
0.0
0.0
0.0
0.0
0.0
0.0
0.12156863
0.827451
0.9882353
0.9882353
0.9882353
0.9882353
0.9882353
0.99215686
0.9882353
0.9882353
0.9882353
0.99215686
0.9882353
0.9882353
0.9882353
0.99215686
0.8235294
0.12156863
0.0
0.0
0.0
0.0
0.0
0.0
0.0
0.0
0.0
0.0
0.0
0.7137255
0.99215686
0.99215686
0.99215686
0.99215686
0.99215686
1.0
0.99215686
0.99215686
0.99215686
1.0
0.99215686
0.99215686
0.99215686
0.8156863
0.078431375
0.0
0.0
0.0
0.0
0.0
0.0
0.0
0.0
0.0
0.0
0.0
0.0
0.22352941
0.9882353
0.9882353
0.9882353
0.9882353
0.9882353
0.99215686
0.9882353
0.9882353
0.9882353
0.99215686
0.9882353
0.9882353
0.9882353
0.40784314
0.0
0.0
0.0
0.0
0.0
0.0
0.0
0.0
0.0
0.0
0.0
0.0
0.0
0.043137256
0.2784314
0.52156866
0.8862745
0.9882353
0.9882353
0.99215686
0.9882353
0.9882353
0.9882353
0.99215686
0.9882353
0.8039216
0.2784314
0.0
0.0
0.0
0.0
0.0
0.0
0.0
0.0
0.0
0.0
0.0
0.0
0.0
0.0
0.0
0.0
0.0
0.12156863
0.42352942
0.42352942
0.99215686
0.9882353
0.9882353
0.9882353
0.42352942
0.42352942
0.12156863
0.0
0.0
0.0
0.0
0.0
0.0
0.0
0.0
0.0
0.0
0.0
0.0
0.0
0.0
0.0
0.0
0.0
0.0
0.0
0.0
0.0
0.0
0.0
0.0
0.0
0.0
0.0
0.0
0.0
0.0
0.0
0.0
0.0
0.0
0.0
0.0
0.0
0.0
0.0
0.0
0.0
0.0
0.0
0.0
0.0
0.0
0.0
0.0
0.0
0.0
0.0
0.0
0.0
0.0
0.0
0.0
0.0
0.0
0.0
0.0
0.0
0.0
0.0
0.0
0.0
0.0
0.0
0.0
0.0
0.0
0.0
0.0
0.0
0.0
0.0
0.0
0.0
0.0
0.0
0.0
0.0
0.0
0.0
0.0
0.0
0.0
0.0
0.0
0.0
0.0
0.0
0.0
0.0
0.0
0.0
0.0
0.0
0.0
0.0
0.0
0.0
0.0
0.0
0.0
0.0
0.0
0.0
0.0
0.0
0.0
0.0
0.0
0.0
0.0
0.0
0.0
0.0
0.0
0.0
0.0
0.0
0.0
1 0 0 -1 0 0 0 0 0 0 0
0 1 0 -1 0 0 0 0 0 0 0
0 0 1 -1 0 0 0 0 0 0 0
0 0 0 -1 1 0 0 0 0 0 0
0 0 0 -1 0 1 0 0 0 0 0
0 0 0 -1 0 0 1 0 0 0 0
0 0 0 -1 0 0 0 1 0 0 0
0 0 0 -1 0 0 0 0 1 0 0
0 0 0 -1 0 0 0 0 0 1 0
