0.0
0.0
0.0
0.0
0.0
0.0
0.0
0.0
0.0
0.0
0.0
0.0
0.0
0.0
0.0
0.0
0.0
0.0
0.0
0.0
0.0
0.0
0.0
0.0
0.0
0.0
0.0
0.0
0.0
0.0
0.0
0.0
0.0
0.0
0.0
0.0
0.0
0.0
0.0
0.0
0.0
0.0
0.0
0.0
0.0
0.0
0.0
0.0
0.0
0.0
0.0
0.0
0.0
0.0
0.0
0.0
0.0
0.0
0.0
0.0
0.0
0.0
0.0
0.0
0.0
0.0
0.0
0.0
0.0
0.0
0.0
0.0
0.0
0.0
0.0
0.0
0.0
0.0
0.0
0.0
0.0
0.0
0.0
0.0
0.0
0.0
0.0
0.0
0.0
0.0
0.0
0.0
0.0
0.0
0.0
0.0
0.0
0.0
0.0
0.0
0.0
0.0
0.0
0.0
0.0
0.0
0.0
0.0
0.0
0.0
0.0
0.0
0.0
0.0
0.0
0.0
0.0
0.0
0.0
0.0
0.0
0.0
0.0
0.0
0.0
0.0
0.0
0.0
0.0
0.0
0.0
0.0
0.0
0.0
0.0
0.0
0.0
0.0
0.0
0.0
0.0
0.0
0.0
0.0
0.0
0.0
0.0
0.0
0.0
0.023529412
0.7882353
1.0
0.99607843
0.8784314
0.61960787
0.61960787
0.36862746
0.24705882
0.14509805
0.0
0.0
0.0
0.0
0.0
0.0
0.0
0.0
0.0
0.0
0.0
0.0
0.0
0.0
0.0
0.0
0.0
0.0
0.28235295
0.99607843
0.99607843
0.99607843
0.99607843
0.99607843
0.99607843
0.99607843
0.99607843
0.9411765
0.3372549
0.0
0.0
0.0
0.0
0.0
0.0
0.0
0.0
0.0
0.0
0.0
0.0
0.0
0.0
0.0
0.0
0.0
0.4745098
0.99607843
0.99607843
0.99607843
0.99607843
0.99607843
0.99607843
0.99607843
0.99607843
0.99607843
0.92156863
0.07058824
0.0
0.0
0.0
0.0
0.0
0.0
0.0
0.0
0.0
0.0
0.0
0.0
0.0
0.0
0.0
0.0
0.4745098
0.99607843
0.7058824
0.015686275
0.015686275
0.37254903
0.39607844
0.5058824
0.4862745
0.76862746
0.83137256
0.4627451
0.0
0.0
0.0
0.0
0.0
0.0
0.0
0.0
0.0
0.0
0.0
0.0
0.0
0.0
0.0
0.0
0.7921569
0.99607843
0.23529412
0.0
0.0
0.0
0.0
0.0
0.0
0.0
0.043137256
0.07058824
0.0
0.0
0.0
0.0
0.0
0.0
0.0
0.0
0.0
0.0
0.0
0.0
0.0
0.0
0.0
0.0
0.84705883
0.7490196
0.011764706
0.0
0.0
0.0
0.0
0.0
0.0
0.0
0.0
0.0
0.0
0.0
0.0
0.0
0.0
0.0
0.0
0.0
0.0
0.0
0.0
0.0
0.0
0.0
0.0
0.0
0.84705883
0.654902
0.0
0.0
0.0
0.0
0.0
0.0
0.0
0.0
0.0
0.0
0.0
0.0
0.0
0.0
0.0
0.0
0.0
0.0
0.0
0.0
0.0
0.0
0.0
0.0
0.0
0.0
0.84705883
0.6784314
0.0627451
0.06666667
0.2
0.09803922
0.09803922
0.19607843
0.03529412
0.0
0.0
0.0
0.0
0.0
0.0
0.0
0.0
0.0
0.0
0.0
0.0
0.0
0.0
0.0
0.0
0.0
0.0
0.0
0.7254902
0.99607843
0.93333334
0.94509804
0.99607843
0.99607843
0.99607843
0.99607843
0.83137256
0.5254902
0.0
0.0
0.0
0.0
0.0
0.0
0.0
0.0
0.0
0.0
0.0
0.0
0.0
0.0
0.0
0.0
0.0
0.0
0.40392157
0.99607843
0.99607843
0.99607843
0.99607843
0.99607843
0.99607843
0.99607843
0.99607843
0.99215686
0.8352941
0.19607843
0.0
0.0
0.0
0.0
0.0
0.0
0.0
0.0
0.0
0.0
0.0
0.0
0.0
0.0
0.0
0.0
0.019607844
0.7254902
0.9372549
0.9098039
0.7019608
0.20784314
0.1882353
0.32941177
0.7411765
0.79607844
0.9764706
0.8509804
0.015686275
0.0
0.0
0.0
0.0
0.0
0.0
0.0
0.0
0.0
0.0
0.0
0.0
0.0
0.0
0.0
0.0
0.0
0.0
0.0
0.0
0.0
0.0
0.0
0.0
0.0
0.31764707
0.8509804
0.48235294
0.0
0.0
0.0
0.0
0.0
0.0
0.0
0.0
0.0
0.0
0.0
0.0
0.0
0.0
0.0
0.0
0.0
0.0
0.0
0.0
0.0
0.0
0.0
0.0
0.0
0.0
0.3882353
0.9490196
0.0
0.0
0.0
0.0
0.0
0.0
0.0
0.0
0.0
0.0
0.0
0.0
0.0
0.0
0.0
0.0
0.0
0.0
0.0
0.0
0.0
0.0
0.0
0.0
0.0
0.0
0.5254902
0.9764706
0.0
0.0
0.0
0.0
0.0
0.0
0.0
0.0
0.0
0.0
0.0
0.0
0.0
0.0
0.0
0.0
0.0
0.0
0.0
0.0
0.0
0.0
0.0
0.0
0.0
0.0
0.63529414
0.9764706
0.0
0.0
0.0
0.0
0.0
0.0
0.0
0.0
0.0
0.0
0.0
0.0
0.0
0.32941177
0.81960785
0.13725491
0.0
0.0
0.0
0.0
0.0
0.0
0.0
0.0
0.06666667
0.36862746
0.9843137
0.9764706
0.0
0.0
0.0
0.0
0.0
0.0
0.0
0.0
0.0
0.0
0.0
0.0
0.0
0.36078432
0.99607843
0.8901961
0.6431373
0.4
0.36862746
0.019607844
0.019607844
0.03529412
0.4
0.6
0.8627451
0.99607843
0.99215686
0.67058825
0.0
0.0
0.0
0.0
0.0
0.0
0.0
0.0
0.0
0.0
0.0
0.0
0.0
0.12941177
0.8862745
0.99607843
0.99607843
0.99607843
0.99607843
0.99607843
0.99607843
0.85882354
0.99607843
0.99607843
0.99607843
0.99607843
0.84313726
0.0
0.0
0.0
0.0
0.0
0.0
0.0
0.0
0.0
0.0
0.0
0.0
0.0
0.0
0.0
0.06666667
0.2901961
0.6117647
0.8627451
0.92156863
0.99607843
0.99607843
0.99607843
0.99607843
0.6
0.1254902
0.38039216
0.09411765
0.0
0.0
0.0
0.0
0.0
0.0
0.0
0.0
0.0
0.0
0.0
0.0
0.0
0.0
0.0
0.0
0.0
0.0
0.0
0.14117648
0.88235295
0.8509804
0.99607843
0.48235294
0.019607844
0.0
0.0
0.0
0.0
0.0
0.0
0.0
0.0
0.0
0.0
0.0
0.0
0.0
0.0
0.0
0.0
0.0
0.0
0.0
0.0
0.0
0.0
0.0
0.0
0.0
0.0
0.0
0.0
0.0
0.0
0.0
0.0
0.0
0.0
0.0
0.0
0.0
0.0
0.0
0.0
0.0
0.0
0.0
0.0
0.0
0.0
0.0
0.0
0.0
0.0
0.0
0.0
0.0
0.0
0.0
0.0
0.0
0.0
0.0
0.0
0.0
0.0
0.0
0.0
0.0
0.0
0.0
0.0
0.0
0.0
0.0
0.0
0.0
0.0
0.0
0.0
0.0
0.0
0.0
0.0
0.0
0.0
0.0
0.0
0.0
0.0
0.0
0.0
0.0
0.0
0.0
0.0
0.0
0.0
1 0 0 0 0 -1 0 0 0 0 0
0 1 0 0 0 -1 0 0 0 0 0
0 0 1 0 0 -1 0 0 0 0 0
0 0 0 1 0 -1 0 0 0 0 0
0 0 0 0 1 -1 0 0 0 0 0
0 0 0 0 0 -1 1 0 0 0 0
0 0 0 0 0 -1 0 1 0 0 0
0 0 0 0 0 -1 0 0 1 0 0
0 0 0 0 0 -1 0 0 0 1 0
