0.0
0.0
0.0
0.0
0.0
0.0
0.0
0.0
0.0
0.0
0.0
0.0
0.0
0.0
0.0
0.0
0.0
0.0
0.0
0.0
0.0
0.0
0.0
0.0
0.0
0.0
0.0
0.0
0.0
0.0
0.0
0.0
0.0
0.0
0.0
0.0
0.0
0.0
0.0
0.0
0.0
0.0
0.0
0.0
0.0
0.0
0.0
0.0
0.0
0.0
0.0
0.0
0.0
0.0
0.0
0.0
0.0
0.0
0.0
0.0
0.0
0.0
0.0
0.0
0.0
0.0
0.0
0.0
0.0
0.0
0.0
0.0
0.0
0.0
0.0
0.0
0.0
0.0
0.0
0.0
0.0
0.0
0.0
0.0
0.0
0.0
0.0
0.0
0.0
0.0
0.0
0.0
0.0
0.0
0.0
0.0
0.0
0.0
0.0
0.0
0.0
0.0
0.0
0.0
0.0
0.0
0.0
0.0
0.0
0.0
0.0
0.0
0.0
0.0
0.0
0.0
0.0
0.0
0.0
0.0
0.0
0.0
0.6156863
0.91764706
0.42352942
0.0
0.0
0.0
0.0
0.0
0.0
0.0
0.0
0.0
0.0
0.0
0.0
0.0
0.0
0.0
0.0
0.0
0.0
0.0
0.0
0.0
0.0
0.0
0.0
0.4117647
0.99607843
0.99215686
0.98039216
0.6431373
0.5686275
0.5686275
0.49411765
0.10980392
0.0
0.0
0.0
0.0
0.0
0.0
0.0
0.0
0.0
0.0
0.0
0.0
0.0
0.0
0.0
0.0
0.0
0.023529412
0.57254905
0.9529412
0.9529412
0.62352943
0.99215686
0.98039216
0.84705883
0.8509804
0.98039216
0.92156863
0.54509807
0.043137256
0.0
0.0
0.0
0.0
0.0
0.0
0.0
0.0
0.0
0.0
0.0
0.0
0.0
0.0
0.0
0.4509804
0.99215686
0.8117647
0.15294118
0.1254902
0.90588236
0.7411765
0.0
0.0
0.27450982
0.8784314
0.99215686
0.8392157
0.2
0.007843138
0.0
0.0
0.0
0.0
0.0
0.0
0.0
0.0
0.0
0.0
0.0
0.0
0.0
0.8509804
0.9647059
0.18039216
0.0
0.0
0.19215687
0.13725491
0.0
0.0
0.0
0.043137256
0.58431375
0.99215686
0.99607843
0.3254902
0.0
0.0
0.0
0.0
0.0
0.0
0.0
0.0
0.0
0.0
0.0
0.0
0.0
0.85490197
0.92156863
0.0
0.0
0.0
0.0
0.0
0.0
0.0
0.0
0.0
0.0
0.25882354
0.89411765
0.91764706
0.19215687
0.0
0.0
0.0
0.0
0.0
0.0
0.0
0.0
0.0
0.0
0.0
0.0
0.64705884
0.9607843
0.23921569
0.0
0.0
0.0
0.0
0.0
0.0
0.0
0.0
0.0
0.0
0.56078434
0.99215686
0.5686275
0.0
0.0
0.0
0.0
0.0
0.0
0.0
0.0
0.0
0.0
0.0
0.0
0.2509804
0.8352941
0.8117647
0.4
0.011764706
0.0
0.0
0.0
0.0
0.0
0.0
0.0
0.0
0.043137256
0.88235295
0.972549
0.18431373
0.0
0.0
0.0
0.0
0.0
0.0
0.0
0.0
0.0
0.0
0.0
0.0
0.27058825
0.972549
0.99607843
0.79607844
0.47843137
0.14901961
0.023529412
0.0
0.0
0.0
0.0
0.0
0.047058824
0.7254902
0.92941177
0.12156863
0.0
0.0
0.0
0.0
0.0
0.0
0.0
0.0
0.0
0.0
0.0
0.0
0.0
0.32941177
0.7411765
0.99215686
0.99215686
0.99215686
0.7882353
0.36078432
0.15294118
0.0
0.02745098
0.4862745
0.89411765
0.99215686
0.5921569
0.0
0.0
0.0
0.0
0.0
0.0
0.0
0.0
0.0
0.0
0.0
0.0
0.0
0.0
0.0
0.0
0.078431375
0.35686275
0.75686276
0.99607843
1.0
0.99607843
0.99607843
0.99607843
0.99607843
0.91764706
0.5058824
0.050980393
0.0
0.0
0.0
0.0
0.0
0.0
0.0
0.0
0.0
0.0
0.0
0.0
0.0
0.16862746
0.47058824
0.8
0.79607844
0.92156863
0.9529412
0.99215686
0.78039217
0.9764706
0.99215686
0.9647059
0.4862745
0.050980393
0.0
0.0
0.0
0.0
0.0
0.0
0.0
0.0
0.0
0.0
0.0
0.0
0.0
0.0
0.43137255
0.9607843
0.9411765
0.7490196
0.49803922
0.44705883
0.14117648
0.14117648
0.0
0.20784314
0.87058824
0.99215686
0.63529414
0.0
0.0
0.0
0.0
0.0
0.0
0.0
0.0
0.0
0.0
0.0
0.0
0.0
0.0
0.09411765
0.8352941
0.78039217
0.13725491
0.0
0.0
0.0
0.0
0.0
0.0
0.0
0.15686275
0.9019608
0.99215686
0.30980393
0.0
0.0
0.0
0.0
0.0
0.0
0.0
0.0
0.0
0.0
0.0
0.0
0.0
0.21568628
0.99215686
0.5647059
0.0
0.0
0.0
0.0
0.0
0.0
0.0
0.0
0.0
0.40392157
0.99215686
0.8117647
0.02745098
0.0
0.0
0.0
0.0
0.0
0.0
0.0
0.0
0.0
0.0
0.0
0.0
0.078431375
0.8039216
0.8156863
0.08235294
0.0
0.0
0.0
0.0
0.0
0.0
0.0
0.0
0.0
0.7137255
1.0
0.07058824
0.0
0.0
0.0
0.0
0.0
0.0
0.0
0.0
0.0
0.0
0.0
0.0
0.0
0.26666668
0.94509804
0.8156863
0.15686275
0.0
0.0
0.0
0.0
0.0
0.0
0.0
0.4745098
0.972549
0.7529412
0.03137255
0.0
0.0
0.0
0.0
0.0
0.0
0.0
0.0
0.0
0.0
0.0
0.0
0.0
0.0
0.2901961
0.9490196
0.9529412
0.44705883
0.1254902
0.0
0.0
0.043137256
0.14509805
0.5019608
0.9607843
0.8901961
0.18039216
0.0
0.0
0.0
0.0
0.0
0.0
0.0
0.0
0.0
0.0
0.0
0.0
0.0
0.0
0.0
0.0
0.40784314
0.94509804
0.99215686
0.9607843
0.78039217
0.5254902
0.84313726
0.99215686
0.99215686
0.9098039
0.16078432
0.0
0.0
0.0
0.0
0.0
0.0
0.0
0.0
0.0
0.0
0.0
0.0
0.0
0.0
0.0
0.0
0.0
0.0
0.08235294
0.4862745
0.63529414
0.7882353
0.99215686
0.99607843
0.9137255
0.45882353
0.0627451
0.0
0.0
0.0
0.0
0.0
0.0
0.0
0.0
0.0
0.0
0.0
0.0
0.0
0.0
0.0
0.0
0.0
0.0
0.0
0.0
0.0
0.0
0.0
0.0
0.0
0.0
0.0
0.0
0.0
0.0
0.0
0.0
0.0
0.0
0.0
0.0
0.0
0.0
0.0
0.0
0.0
0.0
0.0
0.0
0.0
0.0
0.0
0.0
0.0
0.0
0.0
0.0
0.0
0.0
0.0
0.0
0.0
0.0
0.0
0.0
0.0
0.0
0.0
0.0
0.0
0.0
0.0
0.0
0.0
0.0
0.0
0.0
0.0
0.0
0.0
0.0
0.0
0.0
0.0
0.0
0.0
0.0
0.0
0.0
0.0
0.0
0.0
0.0
0.0
0.0
0.0
0.0
0.0
0.0
0.0
0.0
0.0
0.0
0.0
0.0
0.0
0.0
0.0
0.0
0.0
0.0
0.0
0.0
0.0
0.0
0.0
0.0
0.0
0.0
0.0
0.0
0.0
0.0
0.0
0.0
0.0
1 0 0 0 0 0 0 0 -1 0 0
0 1 0 0 0 0 0 0 -1 0 0
0 0 1 0 0 0 0 0 -1 0 0
0 0 0 1 0 0 0 0 -1 0 0
0 0 0 0 1 0 0 0 -1 0 0
0 0 0 0 0 1 0 0 -1 0 0
0 0 0 0 0 0 1 0 -1 0 0
0 0 0 0 0 0 0 1 -1 0 0
0 0 0 0 0 0 0 0 -1 1 0
