0.0
0.0
0.0
0.0
0.0
0.0
0.0
0.0
0.0
0.0
0.0
0.0
0.0
0.0
0.0
0.0
0.0
0.0
0.0
0.0
0.0
0.0
0.0
0.0
0.0
0.0
0.0
0.0
0.0
0.0
0.0
0.0
0.0
0.0
0.0
0.0
0.0
0.0
0.0
0.0
0.0
0.0
0.0
0.0
0.0
0.0
0.0
0.0
0.0
0.0
0.0
0.0
0.0
0.0
0.0
0.0
0.0
0.0
0.0
0.0
0.0
0.0
0.0
0.0
0.0
0.0
0.0
0.0
0.0
0.0
0.0
0.0
0.0
0.0
0.0
0.0
0.0
0.0
0.0
0.0
0.0
0.0
0.0
0.0
0.0
0.0
0.0
0.0
0.0
0.0
0.0
0.0
0.0
0.0627451
0.80784315
0.8509804
0.0
0.0
0.0
0.0
0.0
0.0
0.0
0.0
0.0
0.0
0.0
0.0
0.0
0.0
0.0
0.0
0.0
0.0
0.0
0.0
0.0
0.0
0.0
0.0
0.06666667
0.8039216
0.99215686
0.84705883
0.0
0.0
0.0
0.0
0.0
0.0
0.0
0.0
0.0
0.0
0.0
0.0
0.0
0.0
0.0
0.0
0.0
0.0
0.0
0.0
0.0
0.0
0.0
0.06666667
0.8039216
0.99215686
0.9843137
0.54509807
0.0
0.0
0.0
0.0
0.0
0.0
0.0
0.0
0.0
0.0
0.0
0.0
0.0
0.0
0.0
0.0
0.0
0.0
0.0
0.0
0.0
0.0
0.0
0.53333336
0.99215686
0.99215686
0.58431375
0.0
0.0
0.0
0.0
0.0
0.0
0.0
0.0
0.0
0.0
0.0
0.0
0.0
0.0
0.0
0.0
0.0
0.0
0.0
0.0
0.0
0.0
0.0
0.078431375
0.8156863
0.99215686
0.93333334
0.15294118
0.0
0.0
0.0
0.0
0.0
0.0
0.0
0.0
0.0
0.0
0.0
0.0
0.0
0.0
0.0
0.0
0.0
0.0
0.0
0.0
0.0
0.0
0.0
0.81960785
0.99215686
0.99215686
0.58431375
0.0
0.0
0.0
0.0
0.0
0.0
0.0
0.0
0.0
0.0
0.0
0.0
0.0
0.0
0.0
0.0
0.0
0.0
0.0
0.0
0.0
0.0
0.0
0.0
0.99607843
0.99215686
0.94509804
0.14117648
0.0
0.0
0.0
0.0
0.0
0.0
0.0
0.0
0.0
0.0
0.0
0.0
0.0
0.0
0.0
0.0
0.0
0.0
0.0
0.0
0.0
0.0
0.0
0.0
1.0
0.99215686
0.92156863
0.0
0.0
0.0
0.0
0.0
0.0
0.0
0.14901961
0.19607843
0.19607843
0.19607843
0.19607843
0.19607843
0.019607844
0.0
0.0
0.0
0.0
0.0
0.0
0.0
0.0
0.0
0.0
0.0
0.99607843
0.99215686
0.92156863
0.0
0.0
0.0
0.0
0.0
0.26666668
0.7058824
0.9254902
0.99215686
0.99215686
0.99215686
0.99215686
0.99215686
0.73333335
0.49411765
0.11764706
0.0
0.0
0.0
0.0
0.0
0.0
0.0
0.0
0.0
0.99607843
0.99215686
0.92156863
0.0
0.0
0.0
0.0
0.050980393
0.7764706
0.99215686
0.99215686
0.8
0.7490196
0.5803922
0.5019608
0.6901961
0.96862745
0.99215686
0.87058824
0.49411765
0.0
0.0
0.0
0.0
0.0
0.0
0.0
0.0
0.99607843
0.99215686
0.54901963
0.0
0.0
0.0
0.0
0.5647059
0.99215686
0.99215686
0.65882355
0.05490196
0.0
0.0
0.0
0.0
0.42352942
0.84313726
0.99215686
0.99215686
0.0
0.0
0.0
0.0
0.0
0.0
0.0
0.0
0.99607843
0.99215686
0.8156863
0.0
0.0
0.0
0.0
0.68235296
0.99215686
0.99215686
0.23921569
0.0
0.0
0.0
0.0
0.0
0.0
0.4392157
0.99215686
0.99215686
0.0
0.0
0.0
0.0
0.0
0.0
0.0
0.0
0.99607843
0.99215686
0.92156863
0.0
0.0
0.0
0.0
0.68235296
0.99215686
0.99215686
0.23921569
0.0
0.0
0.0
0.0
0.0
0.0
0.4392157
0.99215686
0.8392157
0.0
0.0
0.0
0.0
0.0
0.0
0.0
0.0
0.99607843
0.99215686
0.94509804
0.14117648
0.0
0.0
0.0
0.68235296
0.99215686
0.99215686
0.6431373
0.0
0.0
0.0
0.0
0.0
0.0
0.4392157
0.99215686
0.34117648
0.0
0.0
0.0
0.0
0.0
0.0
0.0
0.0
0.40392157
0.99215686
0.99215686
0.9098039
0.33333334
0.0
0.0
0.09803922
0.49019608
0.8980392
0.95686275
0.70980394
0.2509804
0.0
0.0
0.0
0.0
0.6156863
0.99215686
0.4392157
0.0
0.0
0.0
0.0
0.0
0.0
0.0
0.0
0.015686275
0.8117647
0.99215686
0.99215686
0.8156863
0.0
0.0
0.0
0.0
0.44705883
0.8980392
0.99215686
0.95686275
0.34117648
0.0
0.0
0.16470589
0.9529412
0.99215686
0.31764707
0.0
0.0
0.0
0.0
0.0
0.0
0.0
0.0
0.0
0.09803922
0.99215686
0.99215686
0.98039216
0.5882353
0.14117648
0.0
0.0
0.0
0.20392157
0.5803922
0.70980394
0.9607843
0.72156864
0.41568628
0.89411765
0.99215686
0.37254903
0.003921569
0.0
0.0
0.0
0.0
0.0
0.0
0.0
0.0
0.0
0.003921569
0.34509805
0.8117647
0.99215686
0.99215686
0.9490196
0.827451
0.4392157
0.4392157
0.4392157
0.4392157
0.4627451
0.6745098
0.99215686
0.99215686
0.8117647
0.101960786
0.003921569
0.0
0.0
0.0
0.0
0.0
0.0
0.0
0.0
0.0
0.0
0.0
0.0
0.3137255
0.5294118
0.8235294
0.99215686
0.99215686
0.99215686
0.99215686
0.99215686
0.99215686
0.99215686
0.8352941
0.5294118
0.34117648
0.02745098
0.0
0.0
0.0
0.0
0.0
0.0
0.0
0.0
0.0
0.0
0.0
0.0
0.0
0.0
0.0
0.0
0.015686275
0.105882354
0.5058824
0.5058824
0.5058824
0.5058824
0.5058824
0.5058824
0.09803922
0.0
0.0
0.0
0.0
0.0
0.0
0.0
0.0
0.0
0.0
0.0
0.0
0.0
0.0
0.0
0.0
0.0
0.0
0.0
0.0
0.0
0.0
0.0
0.0
0.0
0.0
0.0
0.0
0.0
0.0
0.0
0.0
0.0
0.0
0.0
0.0
0.0
0.0
0.0
0.0
0.0
0.0
0.0
0.0
0.0
0.0
0.0
0.0
0.0
0.0
0.0
0.0
0.0
0.0
0.0
0.0
0.0
0.0
0.0
0.0
0.0
0.0
0.0
0.0
0.0
0.0
0.0
0.0
0.0
0.0
0.0
0.0
0.0
0.0
0.0
0.0
0.0
0.0
0.0
0.0
0.0
0.0
0.0
0.0
0.0
0.0
0.0
0.0
0.0
0.0
0.0
0.0
0.0
0.0
0.0
0.0
0.0
0.0
0.0
0.0
0.0
0.0
0.0
0.0
0.0
0.0
0.0
0.0
0.0
0.0
0.0
0.0
0.0
0.0
0.0
0.0
0.0
0.0
0.0
0.0
0.0
0.0
0.0
0.0
0.0
0.0
0.0
0.0
0.0
0.0
0.0
0.0
0.0
0.0
0.0
0.0
0.0
0.0
0.0
0.0
0.0
0.0
0.0
0.0
0.0
0.0
0.0
0.0
1 0 0 0 0 0 -1 0 0 0 0
0 1 0 0 0 0 -1 0 0 0 0
0 0 1 0 0 0 -1 0 0 0 0
0 0 0 1 0 0 -1 0 0 0 0
0 0 0 0 1 0 -1 0 0 0 0
0 0 0 0 0 1 -1 0 0 0 0
0 0 0 0 0 0 -1 1 0 0 0
0 0 0 0 0 0 -1 0 1 0 0
0 0 0 0 0 0 -1 0 0 1 0
